SeSe  = [76.0, 76.8, 65.3, 54.6, 38.0, 76.5, 78.2, 81.6, 40.1, 74.1, 66.5, 78.9, 81.8, 74.5, 66.2, 32.9, 65.6, 67.7, 73.4, 66.8, 66.8];
COB   = [68.6, 75.8, 68.3, 54.8, 46.2, 81.3, 79.4, 82.3, 42.3, 75.2, 69.3, 80.6, 81.7, 76.8, 70.6, 35.8, 66.8, 68.4, 76.2, 68.3, 68.4];
COB_R = [69.5, 76.8, 69.7, 53.3, 44.6, 80.5, 81.3, 83.1, 45.3, 74.2, 69.4, 80.1, 84.2, 76.7, 72.8, 35.9, 67.1, 68.4, 75.1, 65.4, 68.7];

            
table_with_max_per_col([SeSe;COB;COB_R], {'SeSe','COB','COB-R'});
bar([SeSe',COB',COB_R'])

